test/data/h.txt
ncols           131
nrows           131
xllcorner       -156.25
yllcorner       -156.25
cellsize        156.25
NODATA_value    -2000000000.0
[rows 28 to 55 of 131, columns 63 to 125 of 131]
451.5625 450.78125 450.0 449.21875 448.4375 447.65625 446.875 446.09375 445.3125 444.53125 443.75 442.96875 442.1875 441.40625 440.625 439.84375 439.0625 438.28125 437.5 436.71875 435.9375 435.15625 434.375 433.59375 432.8125 432.03125 431.25 430.46875 429.6875 428.90625 428.125 427.34375 426.5625 425.78125 425.0 424.21875 423.4375 422.65625 421.875 421.09375 420.3125 419.53125 418.75 417.96875 417.1875 416.40625 415.625 414.84375 414.0625 413.28125 412.5 411.71875 410.9375 410.15625 409.375 408.59375 407.8125 407.03125 406.25 405.46875 404.6875 403.90625 403.125
451.5625 450.78125 450.0 449.21875 448.4375 447.65625 446.875 446.09375 445.3125 444.53125 443.75 442.96875 442.1875 441.40625 440.625 439.84375 439.0625 438.28125 437.5 436.71875 435.9375 435.15625 434.375 433.59375 432.8125 432.03125 431.25 430.46875 429.6875 428.90625 428.125 427.34375 426.5625 425.78125 425.0 424.21875 423.4375 422.65625 421.875 421.09375 420.3125 419.53125 418.75 417.96875 417.1875 416.40625 415.625 414.84375 414.0625 413.28125 412.5 411.71875 410.9375 410.15625 409.375 408.59375 407.8125 407.03125 406.25 405.46875 404.6875 403.90625 403.125
451.5625 450.78125 450.0 449.21875 448.4375 447.65625 446.875 446.09375 445.3125 444.53125 443.75 442.96875 442.1875 441.40625 440.625 439.84375 439.0625 438.28125 437.5 436.71875 435.9375 435.15625 434.375 433.59375 432.8125 432.03125 431.25 430.46875 429.6875 428.90625 428.125 427.34375 426.5625 425.78125 425.0 424.21875 423.4375 422.65625 421.875 421.09375 420.3125 419.53125 418.75 417.96875 417.1875 416.40625 415.625 414.84375 414.0625 413.28125 412.5 411.71875 410.9375 410.15625 409.375 408.59375 407.8125 407.03125 406.25 405.46875 404.6875 403.90625 403.125
451.5625 450.78125 450.0 449.21875 448.4375 447.65625 446.875 446.09375 445.3125 444.53125 443.75 442.96875 442.1875 441.40625 440.625 439.84375 439.0625 438.28125 437.5 436.71875 435.9375 435.15625 434.375 433.59375 432.8125 432.03125 431.25 430.46875 429.6875 428.90625 428.125 427.34375 426.5625 425.78125 425.0 424.21875 423.4375 422.65625 421.875 421.09375 420.3125 419.53125 418.75 417.96875 417.1875 416.40625 415.625 414.84375 414.0625 413.28125 412.5 411.71875 410.9375 410.15625 409.375 408.59375 407.8125 407.03125 406.25 405.46875 404.6875 403.90625 403.125
451.5625 450.78125 450.0 449.21875 448.4375 447.65625 446.875 446.09375 445.3125 444.53125 443.75 442.96875 442.1875 441.40625 440.625 439.84375 439.0625 438.28125 437.5 436.71875 435.9375 435.15625 434.375 433.59375 432.8125 432.03125 431.25 430.46875 429.6875 428.90625 428.125 427.34375 426.5625 425.78125 425.0 424.21875 423.4375 422.65625 421.875 421.09375 420.3125 419.53125 418.75 417.96875 417.1875 416.40625 415.625 414.84375 414.0625 413.28125 412.5 411.71875 410.9375 410.15625 409.375 408.59375 407.8125 407.03125 406.25 405.46875 404.6875 403.90625 403.125
451.5625 450.78125 450.0 449.21875 448.4375 447.65625 446.875 446.09375 445.3125 444.53125 443.75 442.96875 442.1875 441.40625 440.625 439.84375 439.0625 438.28125 437.5 436.71875 435.9375 435.15625 434.375 433.59375 432.8125 432.03125 431.25 430.46875 429.6875 428.90625 428.125 427.34375 426.5625 425.78125 425.0 424.21875 423.4375 422.65625 421.875 421.09375 420.3125 419.53125 418.75 417.96875 417.1875 416.40625 415.625 414.84375 414.0625 413.28125 412.5 411.71875 410.9375 410.15625 409.375 408.59375 407.8125 407.03125 406.25 405.46875 404.6875 403.90625 403.125
451.5625 450.78125 450.0 449.21875 448.4375 447.65625 446.875 446.09375 445.3125 444.53125 443.75 442.96875 442.1875 441.40625 440.625 439.84375 439.0625 438.28125 437.5 436.71875 435.9375 435.15625 434.375 433.59375 432.8125 432.03125 431.25 430.46875 429.6875 428.90625 428.125 427.34375 426.5625 425.78125 425.0 424.21875 423.4375 422.65625 421.875 421.09375 420.3125 419.53125 418.75 417.96875 417.1875 416.40625 415.625 414.84375 414.0625 413.28125 412.5 411.71875 410.9375 410.15625 409.375 408.59375 407.8125 407.03125 406.25 405.46875 404.6875 403.90625 403.125
451.5625 450.78125 450.0 449.21875 448.4375 447.65625 446.875 446.09375 445.3125 444.53125 443.75 442.96875 442.1875 441.40625 440.625 439.84375 439.0625 438.28125 437.5 436.71875 435.9375 435.15625 434.375 433.59375 432.8125 432.03125 431.25 430.46875 429.6875 428.90625 428.125 427.34375 426.5625 425.78125 425.0 424.21875 423.4375 422.65625 421.875 421.09375 420.3125 419.53125 418.75 417.96875 417.1875 416.40625 415.625 414.84375 414.0625 413.28125 412.5 411.71875 410.9375 410.15625 409.375 408.59375 407.8125 407.03125 406.25 405.46875 404.6875 403.90625 403.125
451.5625 450.78125 450.0 449.21875 448.4375 447.65625 446.875 446.09375 445.3125 444.53125 443.75 442.96875 442.1875 441.40625 440.625 439.84375 439.0625 438.28125 437.5 436.71875 435.9375 435.15625 434.375 433.59375 432.8125 432.03125 431.25 430.46875 429.6875 428.90625 428.125 427.34375 426.5625 425.78125 425.0 424.21875 423.4375 422.65625 421.875 421.09375 420.3125 419.53125 418.75 417.96875 417.1875 416.40625 415.625 414.84375 414.0625 413.28125 412.5 411.71875 410.9375 410.15625 409.375 408.59375 407.8125 407.03125 406.25 405.46875 404.6875 403.90625 403.125
451.5625 450.78125 450.0 449.21875 448.4375 447.65625 446.875 446.09375 445.3125 444.53125 443.75 442.96875 442.1875 441.40625 440.625 439.84375 439.0625 438.28125 437.5 436.71875 435.9375 435.15625 434.375 433.59375 432.8125 432.03125 431.25 430.46875 429.6875 428.90625 428.125 427.34375 426.5625 425.78125 425.0 424.21875 423.4375 422.65625 421.875 421.09375 420.3125 419.53125 418.75 417.96875 417.1875 416.40625 415.625 414.84375 414.0625 413.28125 412.5 411.71875 410.9375 410.15625 409.375 408.59375 407.8125 407.03125 406.25 405.46875 404.6875 403.90625 403.125
451.5625 450.78125 450.0 449.21875 448.4375 447.65625 446.875 446.09375 445.3125 444.53125 443.75 442.96875 442.1875 441.40625 440.625 439.84375 439.0625 438.28125 437.5 436.71875 435.9375 435.15625 434.375 433.59375 432.8125 432.03125 431.25 430.46875 429.6875 428.90625 428.125 427.34375 426.5625 425.78125 425.0 424.21875 423.4375 422.65625 421.875 421.09375 420.3125 419.53125 418.75 417.96875 417.1875 416.40625 415.625 414.84375 414.0625 413.28125 412.5 411.71875 410.9375 410.15625 409.375 408.59375 407.8125 407.03125 406.25 405.46875 404.6875 403.90625 403.125
451.5625 450.78125 450.0 449.21875 448.4375 447.65625 446.875 446.09375 445.3125 444.53125 443.75 442.96875 442.1875 441.40625 440.625 439.84375 439.0625 438.28125 437.5 436.71875 435.9375 435.15625 434.375 433.59375 432.8125 432.03125 431.25 430.46875 429.6875 428.90625 428.125 427.34375 426.5625 425.78125 425.0 424.21875 423.4375 422.65625 421.875 421.09375 420.3125 419.53125 418.75 417.96875 417.1875 416.40625 415.625 414.84375 414.0625 413.28125 412.5 411.71875 410.9375 410.15625 409.375 408.59375 407.8125 407.03125 406.25 405.46875 404.6875 403.90625 403.125
451.5625 450.78125 450.0 449.21875 448.4375 447.65625 446.875 446.09375 445.3125 444.53125 443.75 442.96875 442.1875 441.40625 440.625 439.84375 439.0625 438.28125 437.5 436.71875 435.9375 435.15625 434.375 433.59375 432.8125 432.03125 431.25 430.46875 429.6875 428.90625 428.125 427.34375 426.5625 425.78125 425.0 424.21875 423.4375 422.65625 421.875 421.09375 420.3125 419.53125 418.75 417.96875 417.1875 416.40625 415.625 414.84375 414.0625 413.28125 412.5 411.71875 410.9375 410.15625 409.375 408.59375 407.8125 407.03125 406.25 405.46875 404.6875 403.90625 403.125
451.5625 450.78125 450.0 449.21875 448.4375 447.65625 446.875 446.09375 445.3125 444.53125 443.75 442.96875 442.1875 441.40625 440.625 439.84375 439.0625 438.28125 437.5 436.71875 435.9375 435.15625 434.375 433.59375 432.8125 432.03125 431.25 430.46875 429.6875 428.90625 428.125 427.34375 426.5625 425.78125 425.0 424.21875 423.4375 422.65625 421.875 421.09375 420.3125 419.53125 418.75 417.96875 417.1875 416.40625 415.625 414.84375 414.0625 413.28125 412.5 411.71875 410.9375 410.15625 409.375 408.59375 407.8125 407.03125 406.25 405.46875 404.6875 403.90625 403.125
451.5625 450.78125 450.0 449.21875 448.4375 447.65625 446.875 446.09375 445.3125 444.53125 443.75 442.96875 442.1875 441.40625 440.625 439.84375 439.0625 438.28125 437.5 436.71875 435.9375 435.15625 434.375 433.59375 432.8125 432.03125 431.25 430.46875 429.6875 428.90625 428.125 427.34375 426.5625 425.78125 425.0 424.21875 423.4375 422.65625 421.875 421.09375 420.3125 419.53125 418.75 417.96875 417.1875 416.40625 415.625 414.84375 414.0625 413.28125 412.5 411.71875 410.9375 410.15625 409.375 408.59375 407.8125 407.03125 406.25 405.46875 404.6875 403.90625 403.125
451.5625 450.78125 450.0 449.21875 448.4375 447.65625 446.875 446.09375 445.3125 444.53125 443.75 442.96875 442.1875 441.40625 440.625 439.84375 439.0625 438.28125 437.5 436.71875 435.9375 435.15625 434.375 433.59375 432.8125 432.03125 431.25 430.46875 429.6875 428.90625 428.125 427.34375 426.5625 425.78125 425.0 424.21875 423.4375 422.65625 421.875 421.09375 420.3125 419.53125 418.75 417.96875 417.1875 416.40625 415.625 414.84375 414.0625 413.28125 412.5 411.71875 410.9375 410.15625 409.375 408.59375 407.8125 407.03125 406.25 405.46875 404.6875 403.90625 403.125
451.5625 450.78125 450.0 449.21875 448.4375 447.65625 446.875 446.09375 445.3125 444.53125 443.75 442.96875 442.1875 441.40625 440.625 439.84375 439.0625 438.28125 437.5 436.71875 435.9375 435.15625 434.375 433.59375 432.8125 432.03125 431.25 430.46875 429.6875 428.90625 428.125 427.34375 426.5625 425.78125 425.0 424.21875 423.4375 422.65625 421.875 421.09375 420.3125 419.53125 418.75 417.96875 417.1875 416.40625 415.625 414.84375 414.0625 413.28125 412.5 411.71875 410.9375 410.15625 409.375 408.59375 407.8125 407.03125 406.25 405.46875 404.6875 403.90625 403.125
451.5625 450.78125 450.0 449.21875 448.4375 447.65625 446.875 446.09375 445.3125 444.53125 443.75 442.96875 442.1875 441.40625 440.625 439.84375 439.0625 438.28125 437.5 436.71875 435.9375 435.15625 434.375 433.59375 432.8125 432.03125 431.25 430.46875 429.6875 428.90625 428.125 427.34375 426.5625 425.78125 425.0 424.21875 423.4375 422.65625 421.875 421.09375 420.3125 419.53125 418.75 417.96875 417.1875 416.40625 415.625 414.84375 414.0625 413.28125 412.5 411.71875 410.9375 410.15625 409.375 408.59375 407.8125 407.03125 406.25 405.46875 404.6875 403.90625 403.125
451.5625 450.78125 450.0 449.21875 448.4375 447.65625 446.875 446.09375 445.3125 444.53125 443.75 442.96875 442.1875 441.40625 440.625 439.84375 439.0625 438.28125 437.5 436.71875 435.9375 435.15625 434.375 433.59375 432.8125 432.03125 431.25 430.46875 429.6875 428.90625 428.125 427.34375 426.5625 425.78125 425.0 424.21875 423.4375 422.65625 421.875 421.09375 420.3125 419.53125 418.75 417.96875 417.1875 416.40625 415.625 414.84375 414.0625 413.28125 412.5 411.71875 410.9375 410.15625 409.375 408.59375 407.8125 407.03125 406.25 405.46875 404.6875 403.90625 403.125
451.5625 450.78125 450.0 449.21875 448.4375 447.65625 446.875 446.09375 445.3125 444.53125 443.75 442.96875 442.1875 441.40625 440.625 439.84375 439.0625 438.28125 437.5 436.71875 435.9375 435.15625 434.375 433.59375 432.8125 432.03125 431.25 430.46875 429.6875 428.90625 428.125 427.34375 426.5625 425.78125 425.0 424.21875 423.4375 422.65625 421.875 421.09375 420.3125 419.53125 418.75 417.96875 417.1875 416.40625 415.625 414.84375 414.0625 413.28125 412.5 411.71875 410.9375 410.15625 409.375 408.59375 407.8125 407.03125 406.25 405.46875 404.6875 403.90625 403.125
451.5625 450.78125 450.0 449.21875 448.4375 447.65625 446.875 446.09375 445.3125 444.53125 443.75 442.96875 442.1875 441.40625 440.625 439.84375 439.0625 438.28125 437.5 436.71875 435.9375 435.15625 434.375 433.59375 432.8125 432.03125 431.25 430.46875 429.6875 428.90625 428.125 427.34375 426.5625 425.78125 425.0 424.21875 423.4375 422.65625 421.875 421.09375 420.3125 419.53125 418.75 417.96875 417.1875 416.40625 415.625 414.84375 414.0625 413.28125 412.5 411.71875 410.9375 410.15625 409.375 408.59375 407.8125 407.03125 406.25 405.46875 404.6875 403.90625 403.125
451.5625 450.78125 450.0 449.21875 448.4375 447.65625 446.875 446.09375 445.3125 444.53125 443.75 442.96875 442.1875 441.40625 440.625 439.84375 439.0625 438.28125 437.5 436.71875 435.9375 435.15625 434.375 433.59375 432.8125 432.03125 431.25 430.46875 429.6875 428.90625 428.125 427.34375 426.5625 425.78125 425.0 424.21875 423.4375 422.65625 421.875 421.09375 420.3125 419.53125 418.75 417.96875 417.1875 416.40625 415.625 414.84375 414.0625 413.28125 412.5 411.71875 410.9375 410.15625 409.375 408.59375 407.8125 407.03125 406.25 405.46875 404.6875 403.90625 403.125
451.5625 450.78125 450.0 449.21875 448.4375 447.65625 446.875 446.09375 445.3125 444.53125 443.75 442.96875 442.1875 441.40625 440.625 439.84375 439.0625 438.28125 437.5 436.71875 435.9375 435.15625 434.375 433.59375 432.8125 432.03125 431.25 430.46875 429.6875 428.90625 428.125 427.34375 426.5625 425.78125 425.0 424.21875 423.4375 422.65625 421.875 421.09375 420.3125 419.53125 418.75 417.96875 417.1875 416.40625 415.625 414.84375 414.0625 413.28125 412.5 411.71875 410.9375 410.15625 409.375 408.59375 407.8125 407.03125 406.25 405.46875 404.6875 403.90625 403.125
451.5625 450.78125 450.0 449.21875 448.4375 447.65625 446.875 446.09375 445.3125 444.53125 443.75 442.96875 442.1875 441.40625 440.625 439.84375 439.0625 438.28125 437.5 436.71875 435.9375 435.15625 434.375 433.59375 432.8125 432.03125 431.25 430.46875 429.6875 428.90625 428.125 427.34375 426.5625 425.78125 425.0 424.21875 423.4375 422.65625 421.875 421.09375 420.3125 419.53125 418.75 417.96875 417.1875 416.40625 415.625 414.84375 414.0625 413.28125 412.5 411.71875 410.9375 410.15625 409.375 408.59375 407.8125 407.03125 406.25 405.46875 404.6875 403.90625 403.125
451.5625 450.78125 450.0 449.21875 448.4375 447.65625 446.875 446.09375 445.3125 444.53125 443.75 442.96875 442.1875 441.40625 440.625 439.84375 439.0625 438.28125 437.5 436.71875 435.9375 435.15625 434.375 433.59375 432.8125 432.03125 431.25 430.46875 429.6875 428.90625 428.125 427.34375 426.5625 425.78125 425.0 424.21875 423.4375 422.65625 421.875 421.09375 420.3125 419.53125 418.75 417.96875 417.1875 416.40625 415.625 414.84375 414.0625 413.28125 412.5 411.71875 410.9375 410.15625 409.375 408.59375 407.8125 407.03125 406.25 405.46875 404.6875 403.90625 403.125
451.5625 450.78125 450.0 449.21875 448.4375 447.65625 446.875 446.09375 445.3125 444.53125 443.75 442.96875 442.1875 441.40625 440.625 439.84375 439.0625 438.28125 437.5 436.71875 435.9375 435.15625 434.375 433.59375 432.8125 432.03125 431.25 430.46875 429.6875 428.90625 428.125 427.34375 426.5625 425.78125 425.0 424.21875 423.4375 422.65625 421.875 421.09375 420.3125 419.53125 418.75 417.96875 417.1875 416.40625 415.625 414.84375 414.0625 413.28125 412.5 411.71875 410.9375 410.15625 409.375 408.59375 407.8125 407.03125 406.25 405.46875 404.6875 403.90625 403.125
451.5625 450.78125 450.0 449.21875 448.4375 447.65625 446.875 446.09375 445.3125 444.53125 443.75 442.96875 442.1875 441.40625 440.625 439.84375 439.0625 438.28125 437.5 436.71875 435.9375 435.15625 434.375 433.59375 432.8125 432.03125 431.25 430.46875 429.6875 428.90625 428.125 427.34375 426.5625 425.78125 425.0 424.21875 423.4375 422.65625 421.875 421.09375 420.3125 419.53125 418.75 417.96875 417.1875 416.40625 415.625 414.84375 414.0625 413.28125 412.5 411.71875 410.9375 410.15625 409.375 408.59375 407.8125 407.03125 406.25 405.46875 404.6875 403.90625 403.125
451.5625 450.78125 450.0 449.21875 448.4375 447.65625 446.875 446.09375 445.3125 444.53125 443.75 442.96875 442.1875 441.40625 440.625 439.84375 439.0625 438.28125 437.5 436.71875 435.9375 435.15625 434.375 433.59375 432.8125 432.03125 431.25 430.46875 429.6875 428.90625 428.125 427.34375 426.5625 425.78125 425.0 424.21875 423.4375 422.65625 421.875 421.09375 420.3125 419.53125 418.75 417.96875 417.1875 416.40625 415.625 414.84375 414.0625 413.28125 412.5 411.71875 410.9375 410.15625 409.375 408.59375 407.8125 407.03125 406.25 405.46875 404.6875 403.90625 403.125
