test/data/h.txt
ncols           131
nrows           131
xllcorner       -156.25
yllcorner       -156.25
cellsize        156.25
NODATA_value    -2000000000.0
[rows 28 to 55 of 131, columns 0 to 62 of 131]
500.78125 500.0 499.21875 498.4375 497.65625 496.875 496.09375 495.3125 494.53125 493.75 492.96875 492.1875 491.40625 490.625 489.84375 489.0625 488.28125 487.5 486.71875 485.9375 485.15625 484.375 483.59375 482.8125 482.03125 481.25 480.46875 479.6875 478.90625 478.125 477.34375 476.5625 475.78125 475.0 474.21875 473.4375 472.65625 471.875 471.09375 470.3125 469.53125 468.75 467.96875 467.1875 466.40625 465.625 464.84375 464.0625 463.28125 462.5 461.71875 460.9375 460.15625 459.375 458.59375 457.8125 457.03125 456.25 455.46875 454.6875 453.90625 453.125 452.34375
500.78125 500.0 499.21875 498.4375 497.65625 496.875 496.09375 495.3125 494.53125 493.75 492.96875 492.1875 491.40625 490.625 489.84375 489.0625 488.28125 487.5 486.71875 485.9375 485.15625 484.375 483.59375 482.8125 482.03125 481.25 480.46875 479.6875 478.90625 478.125 477.34375 476.5625 475.78125 475.0 474.21875 473.4375 472.65625 471.875 471.09375 470.3125 469.53125 468.75 467.96875 467.1875 466.40625 465.625 464.84375 464.0625 463.28125 462.5 461.71875 460.9375 460.15625 459.375 458.59375 457.8125 457.03125 456.25 455.46875 454.6875 453.90625 453.125 452.34375
500.78125 500.0 499.21875 498.4375 497.65625 496.875 496.09375 495.3125 494.53125 493.75 492.96875 492.1875 491.40625 490.625 489.84375 489.0625 488.28125 487.5 486.71875 485.9375 485.15625 484.375 483.59375 482.8125 482.03125 481.25 480.46875 479.6875 478.90625 478.125 477.34375 476.5625 475.78125 475.0 474.21875 473.4375 472.65625 471.875 471.09375 470.3125 469.53125 468.75 467.96875 467.1875 466.40625 465.625 464.84375 464.0625 463.28125 462.5 461.71875 460.9375 460.15625 459.375 458.59375 457.8125 457.03125 456.25 455.46875 454.6875 453.90625 453.125 452.34375
500.78125 500.0 499.21875 498.4375 497.65625 496.875 496.09375 495.3125 494.53125 493.75 492.96875 492.1875 491.40625 490.625 489.84375 489.0625 488.28125 487.5 486.71875 485.9375 485.15625 484.375 483.59375 482.8125 482.03125 481.25 480.46875 479.6875 478.90625 478.125 477.34375 476.5625 475.78125 475.0 474.21875 473.4375 472.65625 471.875 471.09375 470.3125 469.53125 468.75 467.96875 467.1875 466.40625 465.625 464.84375 464.0625 463.28125 462.5 461.71875 460.9375 460.15625 459.375 458.59375 457.8125 457.03125 456.25 455.46875 454.6875 453.90625 453.125 452.34375
500.78125 500.0 499.21875 498.4375 497.65625 496.875 496.09375 495.3125 494.53125 493.75 492.96875 492.1875 491.40625 490.625 489.84375 489.0625 488.28125 487.5 486.71875 485.9375 485.15625 484.375 483.59375 482.8125 482.03125 481.25 480.46875 479.6875 478.90625 478.125 477.34375 476.5625 475.78125 475.0 474.21875 473.4375 472.65625 471.875 471.09375 470.3125 469.53125 468.75 467.96875 467.1875 466.40625 465.625 464.84375 464.0625 463.28125 462.5 461.71875 460.9375 460.15625 459.375 458.59375 457.8125 457.03125 456.25 455.46875 454.6875 453.90625 453.125 452.34375
500.78125 500.0 499.21875 498.4375 497.65625 496.875 496.09375 495.3125 494.53125 493.75 492.96875 492.1875 491.40625 490.625 489.84375 489.0625 488.28125 487.5 486.71875 485.9375 485.15625 484.375 483.59375 482.8125 482.03125 481.25 480.46875 479.6875 478.90625 478.125 477.34375 476.5625 475.78125 475.0 474.21875 473.4375 472.65625 471.875 471.09375 470.3125 469.53125 468.75 467.96875 467.1875 466.40625 465.625 464.84375 464.0625 463.28125 462.5 461.71875 460.9375 460.15625 459.375 458.59375 457.8125 457.03125 456.25 455.46875 454.6875 453.90625 453.125 452.34375
500.78125 500.0 499.21875 498.4375 497.65625 496.875 496.09375 495.3125 494.53125 493.75 492.96875 492.1875 491.40625 490.625 489.84375 489.0625 488.28125 487.5 486.71875 485.9375 485.15625 484.375 483.59375 482.8125 482.03125 481.25 480.46875 479.6875 478.90625 478.125 477.34375 476.5625 475.78125 475.0 474.21875 473.4375 472.65625 471.875 471.09375 470.3125 469.53125 468.75 467.96875 467.1875 466.40625 465.625 464.84375 464.0625 463.28125 462.5 461.71875 460.9375 460.15625 459.375 458.59375 457.8125 457.03125 456.25 455.46875 454.6875 453.90625 453.125 452.34375
500.78125 500.0 499.21875 498.4375 497.65625 496.875 496.09375 495.3125 494.53125 493.75 492.96875 492.1875 491.40625 490.625 489.84375 489.0625 488.28125 487.5 486.71875 485.9375 485.15625 484.375 483.59375 482.8125 482.03125 481.25 480.46875 479.6875 478.90625 478.125 477.34375 476.5625 475.78125 475.0 474.21875 473.4375 472.65625 471.875 471.09375 470.3125 469.53125 468.75 467.96875 467.1875 466.40625 465.625 464.84375 464.0625 463.28125 462.5 461.71875 460.9375 460.15625 459.375 458.59375 457.8125 457.03125 456.25 455.46875 454.6875 453.90625 453.125 452.34375
500.78125 500.0 499.21875 498.4375 497.65625 496.875 496.09375 495.3125 494.53125 493.75 492.96875 492.1875 491.40625 490.625 489.84375 489.0625 488.28125 487.5 486.71875 485.9375 485.15625 484.375 483.59375 482.8125 482.03125 481.25 480.46875 479.6875 478.90625 478.125 477.34375 476.5625 475.78125 475.0 474.21875 473.4375 472.65625 471.875 471.09375 470.3125 469.53125 468.75 467.96875 467.1875 466.40625 465.625 464.84375 464.0625 463.28125 462.5 461.71875 460.9375 460.15625 459.375 458.59375 457.8125 457.03125 456.25 455.46875 454.6875 453.90625 453.125 452.34375
500.78125 500.0 499.21875 498.4375 497.65625 496.875 496.09375 495.3125 494.53125 493.75 492.96875 492.1875 491.40625 490.625 489.84375 489.0625 488.28125 487.5 486.71875 485.9375 485.15625 484.375 483.59375 482.8125 482.03125 481.25 480.46875 479.6875 478.90625 478.125 477.34375 476.5625 475.78125 475.0 474.21875 473.4375 472.65625 471.875 471.09375 470.3125 469.53125 468.75 467.96875 467.1875 466.40625 465.625 464.84375 464.0625 463.28125 462.5 461.71875 460.9375 460.15625 459.375 458.59375 457.8125 457.03125 456.25 455.46875 454.6875 453.90625 453.125 452.34375
500.78125 500.0 499.21875 498.4375 497.65625 496.875 496.09375 495.3125 494.53125 493.75 492.96875 492.1875 491.40625 490.625 489.84375 489.0625 488.28125 487.5 486.71875 485.9375 485.15625 484.375 483.59375 482.8125 482.03125 481.25 480.46875 479.6875 478.90625 478.125 477.34375 476.5625 475.78125 475.0 474.21875 473.4375 472.65625 471.875 471.09375 470.3125 469.53125 468.75 467.96875 467.1875 466.40625 465.625 464.84375 464.0625 463.28125 462.5 461.71875 460.9375 460.15625 459.375 458.59375 457.8125 457.03125 456.25 455.46875 454.6875 453.90625 453.125 452.34375
500.78125 500.0 499.21875 498.4375 497.65625 496.875 496.09375 495.3125 494.53125 493.75 492.96875 492.1875 491.40625 490.625 489.84375 489.0625 488.28125 487.5 486.71875 485.9375 485.15625 484.375 483.59375 482.8125 482.03125 481.25 480.46875 479.6875 478.90625 478.125 477.34375 476.5625 475.78125 475.0 474.21875 473.4375 472.65625 471.875 471.09375 470.3125 469.53125 468.75 467.96875 467.1875 466.40625 465.625 464.84375 464.0625 463.28125 462.5 461.71875 460.9375 460.15625 459.375 458.59375 457.8125 457.03125 456.25 455.46875 454.6875 453.90625 453.125 452.34375
500.78125 500.0 499.21875 498.4375 497.65625 496.875 496.09375 495.3125 494.53125 493.75 492.96875 492.1875 491.40625 490.625 489.84375 489.0625 488.28125 487.5 486.71875 485.9375 485.15625 484.375 483.59375 482.8125 482.03125 481.25 480.46875 479.6875 478.90625 478.125 477.34375 476.5625 475.78125 475.0 474.21875 473.4375 472.65625 471.875 471.09375 470.3125 469.53125 468.75 467.96875 467.1875 466.40625 465.625 464.84375 464.0625 463.28125 462.5 461.71875 460.9375 460.15625 459.375 458.59375 457.8125 457.03125 456.25 455.46875 454.6875 453.90625 453.125 452.34375
500.78125 500.0 499.21875 498.4375 497.65625 496.875 496.09375 495.3125 494.53125 493.75 492.96875 492.1875 491.40625 490.625 489.84375 489.0625 488.28125 487.5 486.71875 485.9375 485.15625 484.375 483.59375 482.8125 482.03125 481.25 480.46875 479.6875 478.90625 478.125 477.34375 476.5625 475.78125 475.0 474.21875 473.4375 472.65625 471.875 471.09375 470.3125 469.53125 468.75 467.96875 467.1875 466.40625 465.625 464.84375 464.0625 463.28125 462.5 461.71875 460.9375 460.15625 459.375 458.59375 457.8125 457.03125 456.25 455.46875 454.6875 453.90625 453.125 452.34375
500.78125 500.0 499.21875 498.4375 497.65625 496.875 496.09375 495.3125 494.53125 493.75 492.96875 492.1875 491.40625 490.625 489.84375 489.0625 488.28125 487.5 486.71875 485.9375 485.15625 484.375 483.59375 482.8125 482.03125 481.25 480.46875 479.6875 478.90625 478.125 477.34375 476.5625 475.78125 475.0 474.21875 473.4375 472.65625 471.875 471.09375 470.3125 469.53125 468.75 467.96875 467.1875 466.40625 465.625 464.84375 464.0625 463.28125 462.5 461.71875 460.9375 460.15625 459.375 458.59375 457.8125 457.03125 456.25 455.46875 454.6875 453.90625 453.125 452.34375
500.78125 500.0 499.21875 498.4375 497.65625 496.875 496.09375 495.3125 494.53125 493.75 492.96875 492.1875 491.40625 490.625 489.84375 489.0625 488.28125 487.5 486.71875 485.9375 485.15625 484.375 483.59375 482.8125 482.03125 481.25 480.46875 479.6875 478.90625 478.125 477.34375 476.5625 475.78125 475.0 474.21875 473.4375 472.65625 471.875 471.09375 470.3125 469.53125 468.75 467.96875 467.1875 466.40625 465.625 464.84375 464.0625 463.28125 462.5 461.71875 460.9375 460.15625 459.375 458.59375 457.8125 457.03125 456.25 455.46875 454.6875 453.90625 453.125 452.34375
500.78125 500.0 499.21875 498.4375 497.65625 496.875 496.09375 495.3125 494.53125 493.75 492.96875 492.1875 491.40625 490.625 489.84375 489.0625 488.28125 487.5 486.71875 485.9375 485.15625 484.375 483.59375 482.8125 482.03125 481.25 480.46875 479.6875 478.90625 478.125 477.34375 476.5625 475.78125 475.0 474.21875 473.4375 472.65625 471.875 471.09375 470.3125 469.53125 468.75 467.96875 467.1875 466.40625 465.625 464.84375 464.0625 463.28125 462.5 461.71875 460.9375 460.15625 459.375 458.59375 457.8125 457.03125 456.25 455.46875 454.6875 453.90625 453.125 452.34375
500.78125 500.0 499.21875 498.4375 497.65625 496.875 496.09375 495.3125 494.53125 493.75 492.96875 492.1875 491.40625 490.625 489.84375 489.0625 488.28125 487.5 486.71875 485.9375 485.15625 484.375 483.59375 482.8125 482.03125 481.25 480.46875 479.6875 478.90625 478.125 477.34375 476.5625 475.78125 475.0 474.21875 473.4375 472.65625 471.875 471.09375 470.3125 469.53125 468.75 467.96875 467.1875 466.40625 465.625 464.84375 464.0625 463.28125 462.5 461.71875 460.9375 460.15625 459.375 458.59375 457.8125 457.03125 456.25 455.46875 454.6875 453.90625 453.125 452.34375
500.78125 500.0 499.21875 498.4375 497.65625 496.875 496.09375 495.3125 494.53125 493.75 492.96875 492.1875 491.40625 490.625 489.84375 489.0625 488.28125 487.5 486.71875 485.9375 485.15625 484.375 483.59375 482.8125 482.03125 481.25 480.46875 479.6875 478.90625 478.125 477.34375 476.5625 475.78125 475.0 474.21875 473.4375 472.65625 471.875 471.09375 470.3125 469.53125 468.75 467.96875 467.1875 466.40625 465.625 464.84375 464.0625 463.28125 462.5 461.71875 460.9375 460.15625 459.375 458.59375 457.8125 457.03125 456.25 455.46875 454.6875 453.90625 453.125 452.34375
500.78125 500.0 499.21875 498.4375 497.65625 496.875 496.09375 495.3125 494.53125 493.75 492.96875 492.1875 491.40625 490.625 489.84375 489.0625 488.28125 487.5 486.71875 485.9375 485.15625 484.375 483.59375 482.8125 482.03125 481.25 480.46875 479.6875 478.90625 478.125 477.34375 476.5625 475.78125 475.0 474.21875 473.4375 472.65625 471.875 471.09375 470.3125 469.53125 468.75 467.96875 467.1875 466.40625 465.625 464.84375 464.0625 463.28125 462.5 461.71875 460.9375 460.15625 459.375 458.59375 457.8125 457.03125 456.25 455.46875 454.6875 453.90625 453.125 452.34375
500.78125 500.0 499.21875 498.4375 497.65625 496.875 496.09375 495.3125 494.53125 493.75 492.96875 492.1875 491.40625 490.625 489.84375 489.0625 488.28125 487.5 486.71875 485.9375 485.15625 484.375 483.59375 482.8125 482.03125 481.25 480.46875 479.6875 478.90625 478.125 477.34375 476.5625 475.78125 475.0 474.21875 473.4375 472.65625 471.875 471.09375 470.3125 469.53125 468.75 467.96875 467.1875 466.40625 465.625 464.84375 464.0625 463.28125 462.5 461.71875 460.9375 460.15625 459.375 458.59375 457.8125 457.03125 456.25 455.46875 454.6875 453.90625 453.125 452.34375
500.78125 500.0 499.21875 498.4375 497.65625 496.875 496.09375 495.3125 494.53125 493.75 492.96875 492.1875 491.40625 490.625 489.84375 489.0625 488.28125 487.5 486.71875 485.9375 485.15625 484.375 483.59375 482.8125 482.03125 481.25 480.46875 479.6875 478.90625 478.125 477.34375 476.5625 475.78125 475.0 474.21875 473.4375 472.65625 471.875 471.09375 470.3125 469.53125 468.75 467.96875 467.1875 466.40625 465.625 464.84375 464.0625 463.28125 462.5 461.71875 460.9375 460.15625 459.375 458.59375 457.8125 457.03125 456.25 455.46875 454.6875 453.90625 453.125 452.34375
500.78125 500.0 499.21875 498.4375 497.65625 496.875 496.09375 495.3125 494.53125 493.75 492.96875 492.1875 491.40625 490.625 489.84375 489.0625 488.28125 487.5 486.71875 485.9375 485.15625 484.375 483.59375 482.8125 482.03125 481.25 480.46875 479.6875 478.90625 478.125 477.34375 476.5625 475.78125 475.0 474.21875 473.4375 472.65625 471.875 471.09375 470.3125 469.53125 468.75 467.96875 467.1875 466.40625 465.625 464.84375 464.0625 463.28125 462.5 461.71875 460.9375 460.15625 459.375 458.59375 457.8125 457.03125 456.25 455.46875 454.6875 453.90625 453.125 452.34375
500.78125 500.0 499.21875 498.4375 497.65625 496.875 496.09375 495.3125 494.53125 493.75 492.96875 492.1875 491.40625 490.625 489.84375 489.0625 488.28125 487.5 486.71875 485.9375 485.15625 484.375 483.59375 482.8125 482.03125 481.25 480.46875 479.6875 478.90625 478.125 477.34375 476.5625 475.78125 475.0 474.21875 473.4375 472.65625 471.875 471.09375 470.3125 469.53125 468.75 467.96875 467.1875 466.40625 465.625 464.84375 464.0625 463.28125 462.5 461.71875 460.9375 460.15625 459.375 458.59375 457.8125 457.03125 456.25 455.46875 454.6875 453.90625 453.125 452.34375
500.78125 500.0 499.21875 498.4375 497.65625 496.875 496.09375 495.3125 494.53125 493.75 492.96875 492.1875 491.40625 490.625 489.84375 489.0625 488.28125 487.5 486.71875 485.9375 485.15625 484.375 483.59375 482.8125 482.03125 481.25 480.46875 479.6875 478.90625 478.125 477.34375 476.5625 475.78125 475.0 474.21875 473.4375 472.65625 471.875 471.09375 470.3125 469.53125 468.75 467.96875 467.1875 466.40625 465.625 464.84375 464.0625 463.28125 462.5 461.71875 460.9375 460.15625 459.375 458.59375 457.8125 457.03125 456.25 455.46875 454.6875 453.90625 453.125 452.34375
500.78125 500.0 499.21875 498.4375 497.65625 496.875 496.09375 495.3125 494.53125 493.75 492.96875 492.1875 491.40625 490.625 489.84375 489.0625 488.28125 487.5 486.71875 485.9375 485.15625 484.375 483.59375 482.8125 482.03125 481.25 480.46875 479.6875 478.90625 478.125 477.34375 476.5625 475.78125 475.0 474.21875 473.4375 472.65625 471.875 471.09375 470.3125 469.53125 468.75 467.96875 467.1875 466.40625 465.625 464.84375 464.0625 463.28125 462.5 461.71875 460.9375 460.15625 459.375 458.59375 457.8125 457.03125 456.25 455.46875 454.6875 453.90625 453.125 452.34375
500.78125 500.0 499.21875 498.4375 497.65625 496.875 496.09375 495.3125 494.53125 493.75 492.96875 492.1875 491.40625 490.625 489.84375 489.0625 488.28125 487.5 486.71875 485.9375 485.15625 484.375 483.59375 482.8125 482.03125 481.25 480.46875 479.6875 478.90625 478.125 477.34375 476.5625 475.78125 475.0 474.21875 473.4375 472.65625 471.875 471.09375 470.3125 469.53125 468.75 467.96875 467.1875 466.40625 465.625 464.84375 464.0625 463.28125 462.5 461.71875 460.9375 460.15625 459.375 458.59375 457.8125 457.03125 456.25 455.46875 454.6875 453.90625 453.125 452.34375
500.78125 500.0 499.21875 498.4375 497.65625 496.875 496.09375 495.3125 494.53125 493.75 492.96875 492.1875 491.40625 490.625 489.84375 489.0625 488.28125 487.5 486.71875 485.9375 485.15625 484.375 483.59375 482.8125 482.03125 481.25 480.46875 479.6875 478.90625 478.125 477.34375 476.5625 475.78125 475.0 474.21875 473.4375 472.65625 471.875 471.09375 470.3125 469.53125 468.75 467.96875 467.1875 466.40625 465.625 464.84375 464.0625 463.28125 462.5 461.71875 460.9375 460.15625 459.375 458.59375 457.8125 457.03125 456.25 455.46875 454.6875 453.90625 453.125 452.34375
