test/data/u.txt
ncols           131
nrows           131
xllcorner       -156.25
yllcorner       -156.25
cellsize        156.25
NODATA_value    -2000000000.0
[rows 76 to 94 of 131, columns 0 to 43 of 131]
98.51030731201172 100.0 101.48272705078125 102.95851135253906 104.42737579345703 105.88933563232422 107.34441375732422 108.79264068603516 110.23402404785156 111.66859436035156 113.09637451171875 114.51737976074219 115.93163299560547 117.33915710449219 118.73997497558594 120.13410186767578 121.52156829833984 122.90238952636719 124.2765884399414 125.6441879272461 127.00520324707031 128.3596649169922 129.70758056640625 131.0489959716797 132.38389587402344 133.7123260498047 135.0343017578125 136.349853515625 137.6589813232422 138.96173095703125 140.2581024169922 141.54812622070312 142.83181762695312 144.1092071533203 145.38031005859375 146.6451416015625 147.90371704101562 149.1560821533203 150.40223693847656 151.6422119140625 152.87600708007812 154.1036834716797 155.32521057128906 156.5406494140625
98.51030731201172 100.0 101.48272705078125 102.95851135253906 104.42737579345703 105.88933563232422 107.34441375732422 108.79264068603516 110.23402404785156 111.66859436035156 113.09637451171875 114.51737976074219 115.93163299560547 117.33915710449219 118.73997497558594 120.13410186767578 121.52156829833984 122.90238952636719 124.2765884399414 125.6441879272461 127.00520324707031 128.3596649169922 129.70758056640625 131.0489959716797 132.38389587402344 133.7123260498047 135.0343017578125 136.349853515625 137.6589813232422 138.96173095703125 140.2581024169922 141.54812622070312 142.83181762695312 144.1092071533203 145.38031005859375 146.6451416015625 147.90371704101562 149.1560821533203 150.40223693847656 151.6422119140625 152.87600708007812 154.1036834716797 155.32521057128906 156.5406494140625
98.51030731201172 100.0 101.48272705078125 102.95851135253906 104.42737579345703 105.88933563232422 107.34441375732422 108.79264068603516 110.23402404785156 111.66859436035156 113.09637451171875 114.51737976074219 115.93163299560547 117.33915710449219 118.73997497558594 120.13410186767578 121.52156829833984 122.90238952636719 124.2765884399414 125.6441879272461 127.00520324707031 128.3596649169922 129.70758056640625 131.0489959716797 132.38389587402344 133.7123260498047 135.0343017578125 136.349853515625 137.6589813232422 138.96173095703125 140.2581024169922 141.54812622070312 142.83181762695312 144.1092071533203 145.38031005859375 146.6451416015625 147.90371704101562 149.1560821533203 150.40223693847656 151.6422119140625 152.87600708007812 154.1036834716797 155.32521057128906 156.5406494140625
98.51030731201172 100.0 101.48272705078125 102.95851135253906 104.42737579345703 105.88933563232422 107.34441375732422 108.79264068603516 110.23402404785156 111.66859436035156 113.09637451171875 114.51737976074219 115.93163299560547 117.33915710449219 118.73997497558594 120.13410186767578 121.52156829833984 122.90238952636719 124.2765884399414 125.6441879272461 127.00520324707031 128.3596649169922 129.70758056640625 131.0489959716797 132.38389587402344 133.7123260498047 135.0343017578125 136.349853515625 137.6589813232422 138.96173095703125 140.2581024169922 141.54812622070312 142.83181762695312 144.1092071533203 145.38031005859375 146.6451416015625 147.90371704101562 149.1560821533203 150.40223693847656 151.6422119140625 152.87600708007812 154.1036834716797 155.32521057128906 156.5406494140625
98.51030731201172 100.0 101.48272705078125 102.95851135253906 104.42737579345703 105.88933563232422 107.34441375732422 108.79264068603516 110.23402404785156 111.66859436035156 113.09637451171875 114.51737976074219 115.93163299560547 117.33915710449219 118.73997497558594 120.13410186767578 121.52156829833984 122.90238952636719 124.2765884399414 125.6441879272461 127.00520324707031 128.3596649169922 129.70758056640625 131.0489959716797 132.38389587402344 133.7123260498047 135.0343017578125 136.349853515625 137.6589813232422 138.96173095703125 140.2581024169922 141.54812622070312 142.83181762695312 144.1092071533203 145.38031005859375 146.6451416015625 147.90371704101562 149.1560821533203 150.40223693847656 151.6422119140625 152.87600708007812 154.1036834716797 155.32521057128906 156.5406494140625
98.51030731201172 100.0 101.48272705078125 102.95851135253906 104.42737579345703 105.88933563232422 107.34441375732422 108.79264068603516 110.23402404785156 111.66859436035156 113.09637451171875 114.51737976074219 115.93163299560547 117.33915710449219 118.73997497558594 120.13410186767578 121.52156829833984 122.90238952636719 124.2765884399414 125.6441879272461 127.00520324707031 128.3596649169922 129.70758056640625 131.0489959716797 132.38389587402344 133.7123260498047 135.0343017578125 136.349853515625 137.6589813232422 138.96173095703125 140.2581024169922 141.54812622070312 142.83181762695312 144.1092071533203 145.38031005859375 146.6451416015625 147.90371704101562 149.1560821533203 150.40223693847656 151.6422119140625 152.87600708007812 154.1036834716797 155.32521057128906 156.5406494140625
98.51030731201172 100.0 101.48272705078125 102.95851135253906 104.42737579345703 105.88933563232422 107.34441375732422 108.79264068603516 110.23402404785156 111.66859436035156 113.09637451171875 114.51737976074219 115.93163299560547 117.33915710449219 118.73997497558594 120.13410186767578 121.52156829833984 122.90238952636719 124.2765884399414 125.6441879272461 127.00520324707031 128.3596649169922 129.70758056640625 131.0489959716797 132.38389587402344 133.7123260498047 135.0343017578125 136.349853515625 137.6589813232422 138.96173095703125 140.2581024169922 141.54812622070312 142.83181762695312 144.1092071533203 145.38031005859375 146.6451416015625 147.90371704101562 149.1560821533203 150.40223693847656 151.6422119140625 152.87600708007812 154.1036834716797 155.32521057128906 156.5406494140625
98.51030731201172 100.0 101.48272705078125 102.95851135253906 104.42737579345703 105.88933563232422 107.34441375732422 108.79264068603516 110.23402404785156 111.66859436035156 113.09637451171875 114.51737976074219 115.93163299560547 117.33915710449219 118.73997497558594 120.13410186767578 121.52156829833984 122.90238952636719 124.2765884399414 125.6441879272461 127.00520324707031 128.3596649169922 129.70758056640625 131.0489959716797 132.38389587402344 133.7123260498047 135.0343017578125 136.349853515625 137.6589813232422 138.96173095703125 140.2581024169922 141.54812622070312 142.83181762695312 144.1092071533203 145.38031005859375 146.6451416015625 147.90371704101562 149.1560821533203 150.40223693847656 151.6422119140625 152.87600708007812 154.1036834716797 155.32521057128906 156.5406494140625
98.51030731201172 100.0 101.48272705078125 102.95851135253906 104.42737579345703 105.88933563232422 107.34441375732422 108.79264068603516 110.23402404785156 111.66859436035156 113.09637451171875 114.51737976074219 115.93163299560547 117.33915710449219 118.73997497558594 120.13410186767578 121.52156829833984 122.90238952636719 124.2765884399414 125.6441879272461 127.00520324707031 128.3596649169922 129.70758056640625 131.0489959716797 132.38389587402344 133.7123260498047 135.0343017578125 136.349853515625 137.6589813232422 138.96173095703125 140.2581024169922 141.54812622070312 142.83181762695312 144.1092071533203 145.38031005859375 146.6451416015625 147.90371704101562 149.1560821533203 150.40223693847656 151.6422119140625 152.87600708007812 154.1036834716797 155.32521057128906 156.5406494140625
98.51030731201172 100.0 101.48272705078125 102.95851135253906 104.42737579345703 105.88933563232422 107.34441375732422 108.79264068603516 110.23402404785156 111.66859436035156 113.09637451171875 114.51737976074219 115.93163299560547 117.33915710449219 118.73997497558594 120.13410186767578 121.52156829833984 122.90238952636719 124.2765884399414 125.6441879272461 127.00520324707031 128.3596649169922 129.70758056640625 131.0489959716797 132.38389587402344 133.7123260498047 135.0343017578125 136.349853515625 137.6589813232422 138.96173095703125 140.2581024169922 141.54812622070312 142.83181762695312 144.1092071533203 145.38031005859375 146.6451416015625 147.90371704101562 149.1560821533203 150.40223693847656 151.6422119140625 152.87600708007812 154.1036834716797 155.32521057128906 156.5406494140625
98.51030731201172 100.0 101.48272705078125 102.95851135253906 104.42737579345703 105.88933563232422 107.34441375732422 108.79264068603516 110.23402404785156 111.66859436035156 113.09637451171875 114.51737976074219 115.93163299560547 117.33915710449219 118.73997497558594 120.13410186767578 121.52156829833984 122.90238952636719 124.2765884399414 125.6441879272461 127.00520324707031 128.3596649169922 129.70758056640625 131.0489959716797 132.38389587402344 133.7123260498047 135.0343017578125 136.349853515625 137.6589813232422 138.96173095703125 140.2581024169922 141.54812622070312 142.83181762695312 144.1092071533203 145.38031005859375 146.6451416015625 147.90371704101562 149.1560821533203 150.40223693847656 151.6422119140625 152.87600708007812 154.1036834716797 155.32521057128906 156.5406494140625
98.51030731201172 100.0 101.48272705078125 102.95851135253906 104.42737579345703 105.88933563232422 107.34441375732422 108.79264068603516 110.23402404785156 111.66859436035156 113.09637451171875 114.51737976074219 115.93163299560547 117.33915710449219 118.73997497558594 120.13410186767578 121.52156829833984 122.90238952636719 124.2765884399414 125.6441879272461 127.00520324707031 128.3596649169922 129.70758056640625 131.0489959716797 132.38389587402344 133.7123260498047 135.0343017578125 136.349853515625 137.6589813232422 138.96173095703125 140.2581024169922 141.54812622070312 142.83181762695312 144.1092071533203 145.38031005859375 146.6451416015625 147.90371704101562 149.1560821533203 150.40223693847656 151.6422119140625 152.87600708007812 154.1036834716797 155.32521057128906 156.5406494140625
98.51030731201172 100.0 101.48272705078125 102.95851135253906 104.42737579345703 105.88933563232422 107.34441375732422 108.79264068603516 110.23402404785156 111.66859436035156 113.09637451171875 114.51737976074219 115.93163299560547 117.33915710449219 118.73997497558594 120.13410186767578 121.52156829833984 122.90238952636719 124.2765884399414 125.6441879272461 127.00520324707031 128.3596649169922 129.70758056640625 131.0489959716797 132.38389587402344 133.7123260498047 135.0343017578125 136.349853515625 137.6589813232422 138.96173095703125 140.2581024169922 141.54812622070312 142.83181762695312 144.1092071533203 145.38031005859375 146.6451416015625 147.90371704101562 149.1560821533203 150.40223693847656 151.6422119140625 152.87600708007812 154.1036834716797 155.32521057128906 156.5406494140625
98.51030731201172 100.0 101.48272705078125 102.95851135253906 104.42737579345703 105.88933563232422 107.34441375732422 108.79264068603516 110.23402404785156 111.66859436035156 113.09637451171875 114.51737976074219 115.93163299560547 117.33915710449219 118.73997497558594 120.13410186767578 121.52156829833984 122.90238952636719 124.2765884399414 125.6441879272461 127.00520324707031 128.3596649169922 129.70758056640625 131.0489959716797 132.38389587402344 133.7123260498047 135.0343017578125 136.349853515625 137.6589813232422 138.96173095703125 140.2581024169922 141.54812622070312 142.83181762695312 144.1092071533203 145.38031005859375 146.6451416015625 147.90371704101562 149.1560821533203 150.40223693847656 151.6422119140625 152.87600708007812 154.1036834716797 155.32521057128906 156.5406494140625
98.51030731201172 100.0 101.48272705078125 102.95851135253906 104.42737579345703 105.88933563232422 107.34441375732422 108.79264068603516 110.23402404785156 111.66859436035156 113.09637451171875 114.51737976074219 115.93163299560547 117.33915710449219 118.73997497558594 120.13410186767578 121.52156829833984 122.90238952636719 124.2765884399414 125.6441879272461 127.00520324707031 128.3596649169922 129.70758056640625 131.0489959716797 132.38389587402344 133.7123260498047 135.0343017578125 136.349853515625 137.6589813232422 138.96173095703125 140.2581024169922 141.54812622070312 142.83181762695312 144.1092071533203 145.38031005859375 146.6451416015625 147.90371704101562 149.1560821533203 150.40223693847656 151.6422119140625 152.87600708007812 154.1036834716797 155.32521057128906 156.5406494140625
98.51030731201172 100.0 101.48272705078125 102.95851135253906 104.42737579345703 105.88933563232422 107.34441375732422 108.79264068603516 110.23402404785156 111.66859436035156 113.09637451171875 114.51737976074219 115.93163299560547 117.33915710449219 118.73997497558594 120.13410186767578 121.52156829833984 122.90238952636719 124.2765884399414 125.6441879272461 127.00520324707031 128.3596649169922 129.70758056640625 131.0489959716797 132.38389587402344 133.7123260498047 135.0343017578125 136.349853515625 137.6589813232422 138.96173095703125 140.2581024169922 141.54812622070312 142.83181762695312 144.1092071533203 145.38031005859375 146.6451416015625 147.90371704101562 149.1560821533203 150.40223693847656 151.6422119140625 152.87600708007812 154.1036834716797 155.32521057128906 156.5406494140625
98.51030731201172 100.0 101.48272705078125 102.95851135253906 104.42737579345703 105.88933563232422 107.34441375732422 108.79264068603516 110.23402404785156 111.66859436035156 113.09637451171875 114.51737976074219 115.93163299560547 117.33915710449219 118.73997497558594 120.13410186767578 121.52156829833984 122.90238952636719 124.2765884399414 125.6441879272461 127.00520324707031 128.3596649169922 129.70758056640625 131.0489959716797 132.38389587402344 133.7123260498047 135.0343017578125 136.349853515625 137.6589813232422 138.96173095703125 140.2581024169922 141.54812622070312 142.83181762695312 144.1092071533203 145.38031005859375 146.6451416015625 147.90371704101562 149.1560821533203 150.40223693847656 151.6422119140625 152.87600708007812 154.1036834716797 155.32521057128906 156.5406494140625
98.51030731201172 100.0 101.48272705078125 102.95851135253906 104.42737579345703 105.88933563232422 107.34441375732422 108.79264068603516 110.23402404785156 111.66859436035156 113.09637451171875 114.51737976074219 115.93163299560547 117.33915710449219 118.73997497558594 120.13410186767578 121.52156829833984 122.90238952636719 124.2765884399414 125.6441879272461 127.00520324707031 128.3596649169922 129.70758056640625 131.0489959716797 132.38389587402344 133.7123260498047 135.0343017578125 136.349853515625 137.6589813232422 138.96173095703125 140.2581024169922 141.54812622070312 142.83181762695312 144.1092071533203 145.38031005859375 146.6451416015625 147.90371704101562 149.1560821533203 150.40223693847656 151.6422119140625 152.87600708007812 154.1036834716797 155.32521057128906 156.5406494140625
98.51030731201172 100.0 101.48272705078125 102.95851135253906 104.42737579345703 105.88933563232422 107.34441375732422 108.79264068603516 110.23402404785156 111.66859436035156 113.09637451171875 114.51737976074219 115.93163299560547 117.33915710449219 118.73997497558594 120.13410186767578 121.52156829833984 122.90238952636719 124.2765884399414 125.6441879272461 127.00520324707031 128.3596649169922 129.70758056640625 131.0489959716797 132.38389587402344 133.7123260498047 135.0343017578125 136.349853515625 137.6589813232422 138.96173095703125 140.2581024169922 141.54812622070312 142.83181762695312 144.1092071533203 145.38031005859375 146.6451416015625 147.90371704101562 149.1560821533203 150.40223693847656 151.6422119140625 152.87600708007812 154.1036834716797 155.32521057128906 156.5406494140625
