test/data/u.txt
ncols           131
nrows           131
xllcorner       -156.25
yllcorner       -156.25
cellsize        156.25
NODATA_value    -2000000000.0
[rows 0 to 18 of 131, columns 44 to 87 of 131]
157.75001525878906 158.95330810546875 160.1505584716797 161.34178161621094 162.5270233154297 163.70626831054688 164.8795623779297 166.04690551757812 167.2083282470703 168.36386108398438 169.5135040283203 170.65728759765625 171.79522705078125 172.92735290527344 174.05368041992188 175.17422485351562 176.28900146484375 177.39804077148438 178.50135803222656 179.59896850585938 180.69090270996094 181.7771759033203 182.85780334472656 183.9328155517578 185.00221252441406 186.06602478027344 187.12428283691406 188.17698669433594 189.2241668701172 190.26583862304688 191.30203247070312 192.33274841308594 193.35801696777344 194.3778533935547 195.3922882080078 196.4013214111328 197.40499877929688 198.40330505371094 199.3962860107422 200.3839569091797 201.36631774902344 202.34341430664062 203.31524658203125 204.28184509277344
157.75001525878906 158.95330810546875 160.1505584716797 161.34178161621094 162.5270233154297 163.70626831054688 164.8795623779297 166.04690551757812 167.2083282470703 168.36386108398438 169.5135040283203 170.65728759765625 171.79522705078125 172.92735290527344 174.05368041992188 175.17422485351562 176.28900146484375 177.39804077148438 178.50135803222656 179.59896850585938 180.69090270996094 181.7771759033203 182.85780334472656 183.9328155517578 185.00221252441406 186.06602478027344 187.12428283691406 188.17698669433594 189.2241668701172 190.26583862304688 191.30203247070312 192.33274841308594 193.35801696777344 194.3778533935547 195.3922882080078 196.4013214111328 197.40499877929688 198.40330505371094 199.3962860107422 200.3839569091797 201.36631774902344 202.34341430664062 203.31524658203125 204.28184509277344
157.75001525878906 158.95330810546875 160.1505584716797 161.34178161621094 162.5270233154297 163.70626831054688 164.8795623779297 166.04690551757812 167.2083282470703 168.36386108398438 169.5135040283203 170.65728759765625 171.79522705078125 172.92735290527344 174.05368041992188 175.17422485351562 176.28900146484375 177.39804077148438 178.50135803222656 179.59896850585938 180.69090270996094 181.7771759033203 182.85780334472656 183.9328155517578 185.00221252441406 186.06602478027344 187.12428283691406 188.17698669433594 189.2241668701172 190.26583862304688 191.30203247070312 192.33274841308594 193.35801696777344 194.3778533935547 195.3922882080078 196.4013214111328 197.40499877929688 198.40330505371094 199.3962860107422 200.3839569091797 201.36631774902344 202.34341430664062 203.31524658203125 204.28184509277344
157.75001525878906 158.95330810546875 160.1505584716797 161.34178161621094 162.5270233154297 163.70626831054688 164.8795623779297 166.04690551757812 167.2083282470703 168.36386108398438 169.5135040283203 170.65728759765625 171.79522705078125 172.92735290527344 174.05368041992188 175.17422485351562 176.28900146484375 177.39804077148438 178.50135803222656 179.59896850585938 180.69090270996094 181.7771759033203 182.85780334472656 183.9328155517578 185.00221252441406 186.06602478027344 187.12428283691406 188.17698669433594 189.2241668701172 190.26583862304688 191.30203247070312 192.33274841308594 193.35801696777344 194.3778533935547 195.3922882080078 196.4013214111328 197.40499877929688 198.40330505371094 199.3962860107422 200.3839569091797 201.36631774902344 202.34341430664062 203.31524658203125 204.28184509277344
157.75001525878906 158.95330810546875 160.1505584716797 161.34178161621094 162.5270233154297 163.70626831054688 164.8795623779297 166.04690551757812 167.2083282470703 168.36386108398438 169.5135040283203 170.65728759765625 171.79522705078125 172.92735290527344 174.05368041992188 175.17422485351562 176.28900146484375 177.39804077148438 178.50135803222656 179.59896850585938 180.69090270996094 181.7771759033203 182.85780334472656 183.9328155517578 185.00221252441406 186.06602478027344 187.12428283691406 188.17698669433594 189.2241668701172 190.26583862304688 191.30203247070312 192.33274841308594 193.35801696777344 194.3778533935547 195.3922882080078 196.4013214111328 197.40499877929688 198.40330505371094 199.3962860107422 200.3839569091797 201.36631774902344 202.34341430664062 203.31524658203125 204.28184509277344
157.75001525878906 158.95330810546875 160.1505584716797 161.34178161621094 162.5270233154297 163.70626831054688 164.8795623779297 166.04690551757812 167.2083282470703 168.36386108398438 169.5135040283203 170.65728759765625 171.79522705078125 172.92735290527344 174.05368041992188 175.17422485351562 176.28900146484375 177.39804077148438 178.50135803222656 179.59896850585938 180.69090270996094 181.7771759033203 182.85780334472656 183.9328155517578 185.00221252441406 186.06602478027344 187.12428283691406 188.17698669433594 189.2241668701172 190.26583862304688 191.30203247070312 192.33274841308594 193.35801696777344 194.3778533935547 195.3922882080078 196.4013214111328 197.40499877929688 198.40330505371094 199.3962860107422 200.3839569091797 201.36631774902344 202.34341430664062 203.31524658203125 204.28184509277344
157.75001525878906 158.95330810546875 160.1505584716797 161.34178161621094 162.5270233154297 163.70626831054688 164.8795623779297 166.04690551757812 167.2083282470703 168.36386108398438 169.5135040283203 170.65728759765625 171.79522705078125 172.92735290527344 174.05368041992188 175.17422485351562 176.28900146484375 177.39804077148438 178.50135803222656 179.59896850585938 180.69090270996094 181.7771759033203 182.85780334472656 183.9328155517578 185.00221252441406 186.06602478027344 187.12428283691406 188.17698669433594 189.2241668701172 190.26583862304688 191.30203247070312 192.33274841308594 193.35801696777344 194.3778533935547 195.3922882080078 196.4013214111328 197.40499877929688 198.40330505371094 199.3962860107422 200.3839569091797 201.36631774902344 202.34341430664062 203.31524658203125 204.28184509277344
157.75001525878906 158.95330810546875 160.1505584716797 161.34178161621094 162.5270233154297 163.70626831054688 164.8795623779297 166.04690551757812 167.2083282470703 168.36386108398438 169.5135040283203 170.65728759765625 171.79522705078125 172.92735290527344 174.05368041992188 175.17422485351562 176.28900146484375 177.39804077148438 178.50135803222656 179.59896850585938 180.69090270996094 181.7771759033203 182.85780334472656 183.9328155517578 185.00221252441406 186.06602478027344 187.12428283691406 188.17698669433594 189.2241668701172 190.26583862304688 191.30203247070312 192.33274841308594 193.35801696777344 194.3778533935547 195.3922882080078 196.4013214111328 197.40499877929688 198.40330505371094 199.3962860107422 200.3839569091797 201.36631774902344 202.34341430664062 203.31524658203125 204.28184509277344
157.75001525878906 158.95330810546875 160.1505584716797 161.34178161621094 162.5270233154297 163.70626831054688 164.8795623779297 166.04690551757812 167.2083282470703 168.36386108398438 169.5135040283203 170.65728759765625 171.79522705078125 172.92735290527344 174.05368041992188 175.17422485351562 176.28900146484375 177.39804077148438 178.50135803222656 179.59896850585938 180.69090270996094 181.7771759033203 182.85780334472656 183.9328155517578 185.00221252441406 186.06602478027344 187.12428283691406 188.17698669433594 189.2241668701172 190.26583862304688 191.30203247070312 192.33274841308594 193.35801696777344 194.3778533935547 195.3922882080078 196.4013214111328 197.40499877929688 198.40330505371094 199.3962860107422 200.3839569091797 201.36631774902344 202.34341430664062 203.31524658203125 204.28184509277344
157.75001525878906 158.95330810546875 160.1505584716797 161.34178161621094 162.5270233154297 163.70626831054688 164.8795623779297 166.04690551757812 167.2083282470703 168.36386108398438 169.5135040283203 170.65728759765625 171.79522705078125 172.92735290527344 174.05368041992188 175.17422485351562 176.28900146484375 177.39804077148438 178.50135803222656 179.59896850585938 180.69090270996094 181.7771759033203 182.85780334472656 183.9328155517578 185.00221252441406 186.06602478027344 187.12428283691406 188.17698669433594 189.2241668701172 190.26583862304688 191.30203247070312 192.33274841308594 193.35801696777344 194.3778533935547 195.3922882080078 196.4013214111328 197.40499877929688 198.40330505371094 199.3962860107422 200.3839569091797 201.36631774902344 202.34341430664062 203.31524658203125 204.28184509277344
157.75001525878906 158.95330810546875 160.1505584716797 161.34178161621094 162.5270233154297 163.70626831054688 164.8795623779297 166.04690551757812 167.2083282470703 168.36386108398438 169.5135040283203 170.65728759765625 171.79522705078125 172.92735290527344 174.05368041992188 175.17422485351562 176.28900146484375 177.39804077148438 178.50135803222656 179.59896850585938 180.69090270996094 181.7771759033203 182.85780334472656 183.9328155517578 185.00221252441406 186.06602478027344 187.12428283691406 188.17698669433594 189.2241668701172 190.26583862304688 191.30203247070312 192.33274841308594 193.35801696777344 194.3778533935547 195.3922882080078 196.4013214111328 197.40499877929688 198.40330505371094 199.3962860107422 200.3839569091797 201.36631774902344 202.34341430664062 203.31524658203125 204.28184509277344
157.75001525878906 158.95330810546875 160.1505584716797 161.34178161621094 162.5270233154297 163.70626831054688 164.8795623779297 166.04690551757812 167.2083282470703 168.36386108398438 169.5135040283203 170.65728759765625 171.79522705078125 172.92735290527344 174.05368041992188 175.17422485351562 176.28900146484375 177.39804077148438 178.50135803222656 179.59896850585938 180.69090270996094 181.7771759033203 182.85780334472656 183.9328155517578 185.00221252441406 186.06602478027344 187.12428283691406 188.17698669433594 189.2241668701172 190.26583862304688 191.30203247070312 192.33274841308594 193.35801696777344 194.3778533935547 195.3922882080078 196.4013214111328 197.40499877929688 198.40330505371094 199.3962860107422 200.3839569091797 201.36631774902344 202.34341430664062 203.31524658203125 204.28184509277344
157.75001525878906 158.95330810546875 160.1505584716797 161.34178161621094 162.5270233154297 163.70626831054688 164.8795623779297 166.04690551757812 167.2083282470703 168.36386108398438 169.5135040283203 170.65728759765625 171.79522705078125 172.92735290527344 174.05368041992188 175.17422485351562 176.28900146484375 177.39804077148438 178.50135803222656 179.59896850585938 180.69090270996094 181.7771759033203 182.85780334472656 183.9328155517578 185.00221252441406 186.06602478027344 187.12428283691406 188.17698669433594 189.2241668701172 190.26583862304688 191.30203247070312 192.33274841308594 193.35801696777344 194.3778533935547 195.3922882080078 196.4013214111328 197.40499877929688 198.40330505371094 199.3962860107422 200.3839569091797 201.36631774902344 202.34341430664062 203.31524658203125 204.28184509277344
157.75001525878906 158.95330810546875 160.1505584716797 161.34178161621094 162.5270233154297 163.70626831054688 164.8795623779297 166.04690551757812 167.2083282470703 168.36386108398438 169.5135040283203 170.65728759765625 171.79522705078125 172.92735290527344 174.05368041992188 175.17422485351562 176.28900146484375 177.39804077148438 178.50135803222656 179.59896850585938 180.69090270996094 181.7771759033203 182.85780334472656 183.9328155517578 185.00221252441406 186.06602478027344 187.12428283691406 188.17698669433594 189.2241668701172 190.26583862304688 191.30203247070312 192.33274841308594 193.35801696777344 194.3778533935547 195.3922882080078 196.4013214111328 197.40499877929688 198.40330505371094 199.3962860107422 200.3839569091797 201.36631774902344 202.34341430664062 203.31524658203125 204.28184509277344
157.75001525878906 158.95330810546875 160.1505584716797 161.34178161621094 162.5270233154297 163.70626831054688 164.8795623779297 166.04690551757812 167.2083282470703 168.36386108398438 169.5135040283203 170.65728759765625 171.79522705078125 172.92735290527344 174.05368041992188 175.17422485351562 176.28900146484375 177.39804077148438 178.50135803222656 179.59896850585938 180.69090270996094 181.7771759033203 182.85780334472656 183.9328155517578 185.00221252441406 186.06602478027344 187.12428283691406 188.17698669433594 189.2241668701172 190.26583862304688 191.30203247070312 192.33274841308594 193.35801696777344 194.3778533935547 195.3922882080078 196.4013214111328 197.40499877929688 198.40330505371094 199.3962860107422 200.3839569091797 201.36631774902344 202.34341430664062 203.31524658203125 204.28184509277344
157.75001525878906 158.95330810546875 160.1505584716797 161.34178161621094 162.5270233154297 163.70626831054688 164.8795623779297 166.04690551757812 167.2083282470703 168.36386108398438 169.5135040283203 170.65728759765625 171.79522705078125 172.92735290527344 174.05368041992188 175.17422485351562 176.28900146484375 177.39804077148438 178.50135803222656 179.59896850585938 180.69090270996094 181.7771759033203 182.85780334472656 183.9328155517578 185.00221252441406 186.06602478027344 187.12428283691406 188.17698669433594 189.2241668701172 190.26583862304688 191.30203247070312 192.33274841308594 193.35801696777344 194.3778533935547 195.3922882080078 196.4013214111328 197.40499877929688 198.40330505371094 199.3962860107422 200.3839569091797 201.36631774902344 202.34341430664062 203.31524658203125 204.28184509277344
157.75001525878906 158.95330810546875 160.1505584716797 161.34178161621094 162.5270233154297 163.70626831054688 164.8795623779297 166.04690551757812 167.2083282470703 168.36386108398438 169.5135040283203 170.65728759765625 171.79522705078125 172.92735290527344 174.05368041992188 175.17422485351562 176.28900146484375 177.39804077148438 178.50135803222656 179.59896850585938 180.69090270996094 181.7771759033203 182.85780334472656 183.9328155517578 185.00221252441406 186.06602478027344 187.12428283691406 188.17698669433594 189.2241668701172 190.26583862304688 191.30203247070312 192.33274841308594 193.35801696777344 194.3778533935547 195.3922882080078 196.4013214111328 197.40499877929688 198.40330505371094 199.3962860107422 200.3839569091797 201.36631774902344 202.34341430664062 203.31524658203125 204.28184509277344
157.75001525878906 158.95330810546875 160.1505584716797 161.34178161621094 162.5270233154297 163.70626831054688 164.8795623779297 166.04690551757812 167.2083282470703 168.36386108398438 169.5135040283203 170.65728759765625 171.79522705078125 172.92735290527344 174.05368041992188 175.17422485351562 176.28900146484375 177.39804077148438 178.50135803222656 179.59896850585938 180.69090270996094 181.7771759033203 182.85780334472656 183.9328155517578 185.00221252441406 186.06602478027344 187.12428283691406 188.17698669433594 189.2241668701172 190.26583862304688 191.30203247070312 192.33274841308594 193.35801696777344 194.3778533935547 195.3922882080078 196.4013214111328 197.40499877929688 198.40330505371094 199.3962860107422 200.3839569091797 201.36631774902344 202.34341430664062 203.31524658203125 204.28184509277344
157.75001525878906 158.95330810546875 160.1505584716797 161.34178161621094 162.5270233154297 163.70626831054688 164.8795623779297 166.04690551757812 167.2083282470703 168.36386108398438 169.5135040283203 170.65728759765625 171.79522705078125 172.92735290527344 174.05368041992188 175.17422485351562 176.28900146484375 177.39804077148438 178.50135803222656 179.59896850585938 180.69090270996094 181.7771759033203 182.85780334472656 183.9328155517578 185.00221252441406 186.06602478027344 187.12428283691406 188.17698669433594 189.2241668701172 190.26583862304688 191.30203247070312 192.33274841308594 193.35801696777344 194.3778533935547 195.3922882080078 196.4013214111328 197.40499877929688 198.40330505371094 199.3962860107422 200.3839569091797 201.36631774902344 202.34341430664062 203.31524658203125 204.28184509277344
